1 10 1.635199
1 20 1.779876
1 30 1.832365
1 40 1.858517
1 50 1.879005
1 60 1.885244
1 70 1.903681
1 80 1.908958
1 90 1.916390
1 100 1.921898
1 110 1.925943
1 120 1.930156
1 130 1.933127
1 140 1.934233
1 150 1.937499
1 160 1.938928
1 170 1.943228
1 180 1.945204
1 190 1.947327
1 200 1.947075
2 10 1.151029
2 20 1.288726
2 30 1.349416
2 40 1.382432
2 50 1.403764
2 60 1.414749
2 70 1.426511
2 80 1.432524
2 90 1.440788
2 100 1.447617
2 110 1.448480
2 120 1.454363
2 130 1.454067
2 140 1.457804
2 150 1.460444
2 160 1.462193
2 170 1.465333
2 180 1.464749
2 190 1.466919
2 200 1.467045
3 10 1.088527
3 20 1.094524
3 30 1.161010
3 40 1.201039
3 50 1.225043
3 60 1.238449
3 70 1.251236
3 80 1.260667
3 90 1.266395
3 100 1.272677
3 110 1.277396
3 120 1.281403
3 130 1.285569
3 140 1.288516
3 150 1.291656
3 160 1.293021
3 170 1.295207
3 180 1.296289
3 190 1.298139
3 200 1.299639
4 10 1.083775
4 20 1.044322
4 30 1.059340
4 40 1.094869
4 50 1.123957
4 60 1.141862
4 70 1.157709
4 80 1.167341
4 90 1.175993
4 100 1.183541
4 110 1.187928
4 120 1.192901
4 130 1.196723
4 140 1.200615
4 150 1.203010
4 160 1.205115
4 170 1.207860
4 180 1.210530
4 190 1.212410
4 200 1.213929
5 10 1.081457
5 20 1.042114
5 30 1.031016
5 40 1.036044
5 50 1.058648
5 60 1.080345
5 70 1.094579
5 80 1.107973
5 90 1.117278
5 100 1.124662
5 110 1.130187
5 120 1.135683
5 130 1.140161
5 140 1.143781
5 150 1.147254
5 160 1.150700
5 170 1.153523
5 180 1.155482
5 190 1.157216
5 200 1.159225
6 10 1.083719
6 20 1.042480
6 30 1.029424
6 40 1.022961
6 50 1.024326
6 60 1.033608
6 70 1.049893
6 80 1.062371
6 90 1.073932
6 100 1.081056
6 110 1.089041
6 120 1.094532
6 130 1.100575
6 140 1.103977
6 150 1.109162
6 160 1.111589
6 170 1.115339
6 180 1.117296
6 190 1.119361
6 200 1.121854
7 10 1.086773
7 20 1.040970
7 30 1.029001
7 40 1.022683
7 50 1.018237
7 60 1.016670
7 70 1.020880
7 80 1.029570
7 90 1.039123
7 100 1.050236
7 110 1.057626
7 120 1.064107
7 130 1.070602
7 140 1.074493
7 150 1.078887
7 160 1.081849
7 170 1.085867
7 180 1.089391
7 190 1.091409
7 200 1.093366
8 10 1.093915
8 20 1.041939
8 30 1.029857
8 40 1.023861
8 50 1.019236
8 60 1.016586
8 70 1.014249
8 80 1.015326
8 90 1.017383
8 100 1.023174
8 110 1.030980
8 120 1.038459
8 130 1.045302
8 140 1.050313
8 150 1.055202
8 160 1.058455
8 170 1.061688
8 180 1.065442
8 190 1.068454
8 200 1.071618
9 10 1.107413
9 20 1.040677
9 30 1.028537
9 40 1.022440
9 50 1.018729
9 60 1.017059
9 70 1.014624
9 80 1.011921
9 90 1.012547
9 100 1.012475
9 110 1.014642
9 120 1.018703
9 130 1.024315
9 140 1.030461
9 150 1.034419
9 160 1.038512
9 170 1.043208
9 180 1.046894
9 190 1.050176
9 200 1.052691
10 10 1.162910
10 20 1.039582
10 30 1.029002
10 40 1.023268
10 50 1.017926
10 60 1.016904
10 70 1.013554
10 80 1.012957
10 90 1.012012
10 100 1.010908
10 110 1.009403
10 120 1.010784
10 130 1.012770
10 140 1.015102
10 150 1.018943
10 160 1.022928
10 170 1.027552
10 180 1.030044
10 190 1.033934
10 200 1.037105
11 10 1.163993
11 20 1.041560
11 30 1.029005
11 40 1.023140
11 50 1.017573
11 60 1.016480
11 70 1.014383
11 80 1.014214
11 90 1.012191
11 100 1.010202
11 110 1.009961
11 120 1.009149
11 130 1.009944
11 140 1.009630
11 150 1.010431
11 160 1.011975
11 170 1.014570
11 180 1.016570
11 190 1.020487
11 200 1.022983
12 10 1.162895
12 20 1.041318
12 30 1.027832
12 40 1.023651
12 50 1.017977
12 60 1.018110
12 70 1.014315
12 80 1.013592
12 90 1.012249
12 100 1.010414
12 110 1.010384
12 120 1.009088
12 130 1.008802
12 140 1.008671
12 150 1.008163
12 160 1.007919
12 170 1.008576
12 180 1.009571
12 190 1.010761
12 200 1.012622
13 10 1.164200
13 20 1.040346
13 30 1.027832
13 40 1.023308
13 50 1.019000
13 60 1.016337
13 70 1.014414
13 80 1.013152
13 90 1.011937
13 100 1.010542
13 110 1.009888
13 120 1.008986
13 130 1.009331
13 140 1.008610
13 150 1.008588
13 160 1.007779
13 170 1.007667
13 180 1.007535
13 190 1.007916
13 200 1.007788
14 10 1.163366
14 20 1.041170
14 30 1.031077
14 40 1.022211
14 50 1.020902
14 60 1.017906
14 70 1.014114
14 80 1.012706
14 90 1.012334
14 100 1.010660
14 110 1.010667
14 120 1.009716
14 130 1.009162
14 140 1.008962
14 150 1.008436
14 160 1.007922
14 170 1.007462
14 180 1.007487
14 190 1.006707
14 200 1.006608
15 10 1.163446
15 20 1.042149
15 30 1.029200
15 40 1.023078
15 50 1.020608
15 60 1.017379
15 70 1.014736
15 80 1.013062
15 90 1.012792
15 100 1.011573
15 110 1.010794
15 120 1.009451
15 130 1.009066
15 140 1.008508
15 150 1.008623
15 160 1.007531
15 170 1.007253
15 180 1.007015
15 190 1.006843
15 200 1.006840
16 10 1.162817
16 20 1.044280
16 30 1.028884
16 40 1.023286
16 50 1.019632
16 60 1.017042
16 70 1.015590
16 80 1.012962
16 90 1.011835
16 100 1.011419
16 110 1.010960
16 120 1.010130
16 130 1.009212
16 140 1.008660
16 150 1.008427
16 160 1.008022
16 170 1.007202
16 180 1.006646
16 190 1.006800
16 200 1.006838
17 10 1.162762
17 20 1.044024
17 30 1.029227
17 40 1.023518
17 50 1.020584
17 60 1.017044
17 70 1.014253
17 80 1.014003
17 90 1.012835
17 100 1.011580
17 110 1.010577
17 120 1.008992
17 130 1.009124
17 140 1.009503
17 150 1.008876
17 160 1.008214
17 170 1.007771
17 180 1.007845
17 190 1.007033
17 200 1.006767
18 10 1.163839
18 20 1.048396
18 30 1.027634
18 40 1.022589
18 50 1.020630
18 60 1.017327
18 70 1.014758
18 80 1.013835
18 90 1.013777
18 100 1.010942
18 110 1.011181
18 120 1.010961
18 130 1.009260
18 140 1.008769
18 150 1.008875
18 160 1.008256
18 170 1.007539
18 180 1.006940
18 190 1.006932
18 200 1.006748
19 10 1.164113
19 20 1.058980
19 30 1.029187
19 40 1.024694
19 50 1.020915
19 60 1.017782
19 70 1.016042
19 80 1.015421
19 90 1.013446
19 100 1.012203
19 110 1.011763
19 120 1.010143
19 130 1.010167
19 140 1.009058
19 150 1.008841
19 160 1.008185
19 170 1.007280
19 180 1.007076
19 190 1.007752
19 200 1.006977
20 10 1.162391
20 20 1.087323
20 30 1.030919
20 40 1.021920
20 50 1.018965
20 60 1.017667
20 70 1.015846
20 80 1.014664
20 90 1.013844
20 100 1.011846
20 110 1.011653
20 120 1.011045
20 130 1.010179
20 140 1.009253
20 150 1.008722
20 160 1.008853
20 170 1.007758
20 180 1.007420
20 190 1.007406
20 200 1.007153
