1.635199 1.779876 1.832365 1.858517 1.879005 1.885244 1.903681 1.908958 1.916390 1.921898 1.925943 1.930156 1.933127 1.934233 1.937499 1.938928 1.943228 1.945204 1.947327 1.947075 
1.151029 1.288726 1.349416 1.382432 1.403764 1.414749 1.426511 1.432524 1.440788 1.447617 1.448480 1.454363 1.454067 1.457804 1.460444 1.462193 1.465333 1.464749 1.466919 1.467045 
1.088527 1.094524 1.161010 1.201039 1.225043 1.238449 1.251236 1.260667 1.266395 1.272677 1.277396 1.281403 1.285569 1.288516 1.291656 1.293021 1.295207 1.296289 1.298139 1.299639 
1.083775 1.044322 1.059340 1.094869 1.123957 1.141862 1.157709 1.167341 1.175993 1.183541 1.187928 1.192901 1.196723 1.200615 1.203010 1.205115 1.207860 1.210530 1.212410 1.213929 
1.081457 1.042114 1.031016 1.036044 1.058648 1.080345 1.094579 1.107973 1.117278 1.124662 1.130187 1.135683 1.140161 1.143781 1.147254 1.150700 1.153523 1.155482 1.157216 1.159225 
1.083719 1.042480 1.029424 1.022961 1.024326 1.033608 1.049893 1.062371 1.073932 1.081056 1.089041 1.094532 1.100575 1.103977 1.109162 1.111589 1.115339 1.117296 1.119361 1.121854 
1.086773 1.040970 1.029001 1.022683 1.018237 1.016670 1.020880 1.029570 1.039123 1.050236 1.057626 1.064107 1.070602 1.074493 1.078887 1.081849 1.085867 1.089391 1.091409 1.093366 
1.093915 1.041939 1.029857 1.023861 1.019236 1.016586 1.014249 1.015326 1.017383 1.023174 1.030980 1.038459 1.045302 1.050313 1.055202 1.058455 1.061688 1.065442 1.068454 1.071618 
1.107413 1.040677 1.028537 1.022440 1.018729 1.017059 1.014624 1.011921 1.012547 1.012475 1.014642 1.018703 1.024315 1.030461 1.034419 1.038512 1.043208 1.046894 1.050176 1.052691 
1.162910 1.039582 1.029002 1.023268 1.017926 1.016904 1.013554 1.012957 1.012012 1.010908 1.009403 1.010784 1.012770 1.015102 1.018943 1.022928 1.027552 1.030044 1.033934 1.037105 
1.163993 1.041560 1.029005 1.023140 1.017573 1.016480 1.014383 1.014214 1.012191 1.010202 1.009961 1.009149 1.009944 1.009630 1.010431 1.011975 1.014570 1.016570 1.020487 1.022983 
1.162895 1.041318 1.027832 1.023651 1.017977 1.018110 1.014315 1.013592 1.012249 1.010414 1.010384 1.009088 1.008802 1.008671 1.008163 1.007919 1.008576 1.009571 1.010761 1.012622 
1.164200 1.040346 1.027832 1.023308 1.019000 1.016337 1.014414 1.013152 1.011937 1.010542 1.009888 1.008986 1.009331 1.008610 1.008588 1.007779 1.007667 1.007535 1.007916 1.007788 
1.163366 1.041170 1.031077 1.022211 1.020902 1.017906 1.014114 1.012706 1.012334 1.010660 1.010667 1.009716 1.009162 1.008962 1.008436 1.007922 1.007462 1.007487 1.006707 1.006608 
1.163446 1.042149 1.029200 1.023078 1.020608 1.017379 1.014736 1.013062 1.012792 1.011573 1.010794 1.009451 1.009066 1.008508 1.008623 1.007531 1.007253 1.007015 1.006843 1.006840 
1.162817 1.044280 1.028884 1.023286 1.019632 1.017042 1.015590 1.012962 1.011835 1.011419 1.010960 1.010130 1.009212 1.008660 1.008427 1.008022 1.007202 1.006646 1.006800 1.006838 
1.162762 1.044024 1.029227 1.023518 1.020584 1.017044 1.014253 1.014003 1.012835 1.011580 1.010577 1.008992 1.009124 1.009503 1.008876 1.008214 1.007771 1.007845 1.007033 1.006767 
1.163839 1.048396 1.027634 1.022589 1.020630 1.017327 1.014758 1.013835 1.013777 1.010942 1.011181 1.010961 1.009260 1.008769 1.008875 1.008256 1.007539 1.006940 1.006932 1.006748 
1.164113 1.058980 1.029187 1.024694 1.020915 1.017782 1.016042 1.015421 1.013446 1.012203 1.011763 1.010143 1.010167 1.009058 1.008841 1.008185 1.007280 1.007076 1.007752 1.006977 
1.162391 1.087323 1.030919 1.021920 1.018965 1.017667 1.015846 1.014664 1.013844 1.011846 1.011653 1.011045 1.010179 1.009253 1.008722 1.008853 1.007758 1.007420 1.007406 1.007153 

1.895193 1.416948 1.248320 1.163187 1.112366 1.079325 1.057087 1.042072 1.032022 1.027879 1.023922 1.021846 1.021258 1.021479 1.021497 1.021532 1.021727 1.021959 1.023001 1.024241 

1.160427 1.097238 1.093488 1.095976 1.099283 1.101727 1.104768 1.107361 1.109954 1.111981 1.113973 1.115937 1.117873 1.119446 1.121223 1.122397 1.124094 1.125271 1.126699 1.127744 

1.114843

396.000000
